ok:
2411.08733
2501.17151
2501.17284
2501.18824
2503.16419
2503.21934
2504.10147
2504.05298
2503.24235
2503.08497

bug:
2504.07951
2504.10471
2504.02732
2503.04565
2503.08429
2503.08481
2503.10324
2503.10622
2503.13012
2503.19794
2503.23733

1901.06081 
2302.12697 
2106.09685 
1908.08906 
2004.05439 
2006.09963 
2007.03606 
2012.12556 
2103.10360 

2112.10759 
2201.01734 
2201.08239 
2204.05929 
2207.02666 
2209.00626 
2210.09263 
2302.13971
2303.11236 

2303.18223 
2307.06414 
2307.14026 
2308.15431 
2309.13844 
2309.15999 
2310.12479 
2311.00089
2311.11733 

2311.13362 
2311.14576 
2311.15409 
2401.01560 
2401.03706 
2401.14407 
2402.07209 
2402.09616
2403.04064 

2403.11139 
2403.12191 
2403.12825 
2403.13917 
2404.02355 
2404.14400 
2504.00117 
2602.00025
2602.00225 

2602.00317 
2602.00422 
2602.00506 
2602.00518 
2602.18440 
2602.18463 
2602.18501 
2602.18522
2602.18529 

2602.18547 
2602.18580 
2602.18587 
2602.18593 
2602.18597 
2602.18634

2602.18675 
2602.18683 
2111.01254
2602.18687
2602.18632 
2602.18559 





bug in jp:
